{
 "cells": [
  {
   "cell_type": "markdown",
   "metadata": {},
   "source": [
    "# Homework 1"
   ]
  },
  {
   "cell_type": "code",
   "execution_count": 139,
   "metadata": {},
   "outputs": [],
   "source": [
    "import pandas as pd\n",
    "import random\n",
    "import math\n",
    "\n",
    "import seaborn as sns\n",
    "import matplotlib.pyplot as plt"
   ]
  },
  {
   "cell_type": "markdown",
   "metadata": {},
   "source": [
    "## Load the data"
   ]
  },
  {
   "cell_type": "markdown",
   "metadata": {},
   "source": [
    "The data is composed by..."
   ]
  },
  {
   "cell_type": "code",
   "execution_count": 140,
   "metadata": {},
   "outputs": [
    {
     "data": {
      "text/html": [
       "<div>\n",
       "<style scoped>\n",
       "    .dataframe tbody tr th:only-of-type {\n",
       "        vertical-align: middle;\n",
       "    }\n",
       "\n",
       "    .dataframe tbody tr th {\n",
       "        vertical-align: top;\n",
       "    }\n",
       "\n",
       "    .dataframe thead th {\n",
       "        text-align: right;\n",
       "    }\n",
       "</style>\n",
       "<table border=\"1\" class=\"dataframe\">\n",
       "  <thead>\n",
       "    <tr style=\"text-align: right;\">\n",
       "      <th></th>\n",
       "      <th>title</th>\n",
       "      <th>text</th>\n",
       "    </tr>\n",
       "  </thead>\n",
       "  <tbody>\n",
       "    <tr>\n",
       "      <th>0</th>\n",
       "      <td>Anomaly Detection at Multiple Scales</td>\n",
       "      <td>Anomaly Detection at Multiple Scales, or ADAMS...</td>\n",
       "    </tr>\n",
       "    <tr>\n",
       "      <th>1</th>\n",
       "      <td>Behavioral analytics</td>\n",
       "      <td>Behaviorism is a systematic approach to unders...</td>\n",
       "    </tr>\n",
       "    <tr>\n",
       "      <th>2</th>\n",
       "      <td>Business analytics</td>\n",
       "      <td>Business analysis is a professional discipline...</td>\n",
       "    </tr>\n",
       "    <tr>\n",
       "      <th>3</th>\n",
       "      <td>CORE (research service)</td>\n",
       "      <td>CORE (Connecting Repositories) is a service pr...</td>\n",
       "    </tr>\n",
       "    <tr>\n",
       "      <th>4</th>\n",
       "      <td>Daisy Intelligence</td>\n",
       "      <td>Daisy Intelligence is a Canadian Artificial In...</td>\n",
       "    </tr>\n",
       "    <tr>\n",
       "      <th>5</th>\n",
       "      <td>Data Applied</td>\n",
       "      <td>Data Applied is a software vendor headquartere...</td>\n",
       "    </tr>\n",
       "    <tr>\n",
       "      <th>6</th>\n",
       "      <td>Data mining in agriculture</td>\n",
       "      <td>Data mining in agriculture is a recent researc...</td>\n",
       "    </tr>\n",
       "    <tr>\n",
       "      <th>7</th>\n",
       "      <td>Data thinking</td>\n",
       "      <td>Data thinking is a buzzword for the generic \"m...</td>\n",
       "    </tr>\n",
       "    <tr>\n",
       "      <th>8</th>\n",
       "      <td>Document processing</td>\n",
       "      <td>Document processing is a field of research and...</td>\n",
       "    </tr>\n",
       "    <tr>\n",
       "      <th>9</th>\n",
       "      <td>Equifax Workforce Solutions</td>\n",
       "      <td>Equifax Workforce Solutions, formerly known as...</td>\n",
       "    </tr>\n",
       "    <tr>\n",
       "      <th>10</th>\n",
       "      <td>Game analytics</td>\n",
       "      <td>Game analytics is the form of behavioral analy...</td>\n",
       "    </tr>\n",
       "    <tr>\n",
       "      <th>11</th>\n",
       "      <td>Inference attack</td>\n",
       "      <td>An Inference Attack is a data mining technique...</td>\n",
       "    </tr>\n",
       "    <tr>\n",
       "      <th>12</th>\n",
       "      <td>Path analysis (computing)</td>\n",
       "      <td>Path analysis, is the analysis of a path, whic...</td>\n",
       "    </tr>\n",
       "    <tr>\n",
       "      <th>13</th>\n",
       "      <td>Automatic number-plate recognition in the Unit...</td>\n",
       "      <td>Automatic number-plate recognition (ANPR; see ...</td>\n",
       "    </tr>\n",
       "    <tr>\n",
       "      <th>14</th>\n",
       "      <td>PRODIGAL (computer system)</td>\n",
       "      <td>PRODIGAL (proactive discovery of insider threa...</td>\n",
       "    </tr>\n",
       "    <tr>\n",
       "      <th>15</th>\n",
       "      <td>Text mining</td>\n",
       "      <td>Text mining, also referred to as text data min...</td>\n",
       "    </tr>\n",
       "    <tr>\n",
       "      <th>16</th>\n",
       "      <td>Zapaday</td>\n",
       "      <td>Zapaday is a global news calendar. The website...</td>\n",
       "    </tr>\n",
       "  </tbody>\n",
       "</table>\n",
       "</div>"
      ],
      "text/plain": [
       "                                                title  \\\n",
       "0                Anomaly Detection at Multiple Scales   \n",
       "1                                Behavioral analytics   \n",
       "2                                  Business analytics   \n",
       "3                             CORE (research service)   \n",
       "4                                  Daisy Intelligence   \n",
       "5                                        Data Applied   \n",
       "6                          Data mining in agriculture   \n",
       "7                                       Data thinking   \n",
       "8                                 Document processing   \n",
       "9                         Equifax Workforce Solutions   \n",
       "10                                     Game analytics   \n",
       "11                                   Inference attack   \n",
       "12                          Path analysis (computing)   \n",
       "13  Automatic number-plate recognition in the Unit...   \n",
       "14                         PRODIGAL (computer system)   \n",
       "15                                        Text mining   \n",
       "16                                            Zapaday   \n",
       "\n",
       "                                                 text  \n",
       "0   Anomaly Detection at Multiple Scales, or ADAMS...  \n",
       "1   Behaviorism is a systematic approach to unders...  \n",
       "2   Business analysis is a professional discipline...  \n",
       "3   CORE (Connecting Repositories) is a service pr...  \n",
       "4   Daisy Intelligence is a Canadian Artificial In...  \n",
       "5   Data Applied is a software vendor headquartere...  \n",
       "6   Data mining in agriculture is a recent researc...  \n",
       "7   Data thinking is a buzzword for the generic \"m...  \n",
       "8   Document processing is a field of research and...  \n",
       "9   Equifax Workforce Solutions, formerly known as...  \n",
       "10  Game analytics is the form of behavioral analy...  \n",
       "11  An Inference Attack is a data mining technique...  \n",
       "12  Path analysis, is the analysis of a path, whic...  \n",
       "13  Automatic number-plate recognition (ANPR; see ...  \n",
       "14  PRODIGAL (proactive discovery of insider threa...  \n",
       "15  Text mining, also referred to as text data min...  \n",
       "16  Zapaday is a global news calendar. The website...  "
      ]
     },
     "execution_count": 140,
     "metadata": {},
     "output_type": "execute_result"
    }
   ],
   "source": [
    "df = pd.read_csv('data/applications_of_DM.csv', sep=',')\n",
    "df"
   ]
  },
  {
   "cell_type": "markdown",
   "metadata": {},
   "source": [
    "## First task (Shingling)"
   ]
  },
  {
   "cell_type": "code",
   "execution_count": 141,
   "metadata": {},
   "outputs": [],
   "source": [
    "class Shingling:\n",
    "    def __init__(self, k):\n",
    "        self.k = k  # The length of the shingle\n",
    "        self.N = 2 ** 32 - 1\n",
    "\n",
    "    def shingle_document(self, document):\n",
    "        shingles = set()\n",
    "        for i in range(len(document) - self.k + 1):\n",
    "            shingle = document[i:i + self.k]\n",
    "            hash_val = hash(shingle) % self.N\n",
    "            shingles.add(hash_val)\n",
    "        return shingles\n",
    "\n",
    "class CompareSets:\n",
    "    def jaccard_similarity(set1, set2):\n",
    "        intersection = set1.intersection(set2)\n",
    "        union = set1.union(set2)\n",
    "        return len(intersection) / len(union)\n",
    "\n",
    "class MinHashing:\n",
    "    def __init__(self, k, num_shingles):\n",
    "        self.k = k  # The length of the signature\n",
    "        self.num_shingles = num_shingles # c\n",
    "        self.coefficients = [(random.randint(0, num_shingles), random.randint(0, num_shingles)) for _ in range(k)]\n",
    "\n",
    "    def minhash(self, shingles):\n",
    "        signature = []\n",
    "        for a, b in self.coefficients:\n",
    "            min_hash = min([(a * shingle + b) % self.num_shingles for shingle in shingles])\n",
    "            signature.append(min_hash)\n",
    "        return signature\n",
    "\n",
    "class CompareSignatures:\n",
    "    def jaccard_similarity(sig1, sig2):\n",
    "        intersection = 0\n",
    "        for i in range(len(sig1)):\n",
    "            if sig1[i] == sig2[i]:\n",
    "                intersection += 1\n",
    "        return intersection / len(sig1)\n"
   ]
  },
  {
   "cell_type": "markdown",
   "metadata": {},
   "source": [
    "Let us now test the Shingling with a dummy example. We took $K=3$ because of the shortness of the documents in the example. With increasing k-s the less similar the documents are going to be, since we are anlyzing larger chunks and it is more rare to have similar chunks of that size, while it is easier to have 1-grams, 2-grams in common."
   ]
  },
  {
   "cell_type": "code",
   "execution_count": 142,
   "metadata": {},
   "outputs": [
    {
     "name": "stdout",
     "output_type": "stream",
     "text": [
      "Jaccard similarity between doc1 and doc2 is:  0.8108108108108109\n",
      "Jaccard similarity between doc1 and doc3 is:  0.05263157894736842\n",
      "Jaccard similarity between doc2 and doc3 is:  0.02531645569620253\n"
     ]
    }
   ],
   "source": [
    "doc1 = \"hello world today is a good day to die\"\n",
    "doc2 = \"hello world today is a good day to live\"\n",
    "doc3 = \"this document is very different from the other two documents\"\n",
    "\n",
    "shingling = Shingling(k=3)\n",
    "shingles1 = shingling.shingle_document(doc1)\n",
    "shingles2 = shingling.shingle_document(doc2)\n",
    "shingles3 = shingling.shingle_document(doc3)\n",
    "\n",
    "print(\"Jaccard similarity between doc1 and doc2 is: \", CompareSets.jaccard_similarity(shingles1, shingles2))\n",
    "print(\"Jaccard similarity between doc1 and doc3 is: \", CompareSets.jaccard_similarity(shingles1, shingles3))\n",
    "print(\"Jaccard similarity between doc2 and doc3 is: \", CompareSets.jaccard_similarity(shingles2, shingles3))"
   ]
  },
  {
   "cell_type": "markdown",
   "metadata": {},
   "source": [
    "Let us now try with $k=1$. We expect to have higher similarities even if the documents d1-d3 and d2-d3 are completely different."
   ]
  },
  {
   "cell_type": "code",
   "execution_count": 143,
   "metadata": {},
   "outputs": [
    {
     "name": "stdout",
     "output_type": "stream",
     "text": [
      "Jaccard similarity between doc1 and doc2 is:  0.9333333333333333\n",
      "Jaccard similarity between doc1 and doc3 is:  0.55\n",
      "Jaccard similarity between doc2 and doc3 is:  0.6\n"
     ]
    }
   ],
   "source": [
    "doc1 = \"hello world today is a good day to die\"\n",
    "doc2 = \"hello world today is a good day to live\"\n",
    "doc3 = \"this document is very different from the other two documents\"\n",
    "\n",
    "shingling = Shingling(k=1)\n",
    "shingles1 = shingling.shingle_document(doc1)\n",
    "shingles2 = shingling.shingle_document(doc2)\n",
    "shingles3 = shingling.shingle_document(doc3)\n",
    "\n",
    "print(\"Jaccard similarity between doc1 and doc2 is: \", CompareSets.jaccard_similarity(shingles1, shingles2))\n",
    "print(\"Jaccard similarity between doc1 and doc3 is: \", CompareSets.jaccard_similarity(shingles1, shingles3))\n",
    "print(\"Jaccard similarity between doc2 and doc3 is: \", CompareSets.jaccard_similarity(shingles2, shingles3))"
   ]
  },
  {
   "cell_type": "markdown",
   "metadata": {},
   "source": [
    "Let us now test the MinHashing class and methods on the same dummy example presented before."
   ]
  },
  {
   "cell_type": "code",
   "execution_count": 144,
   "metadata": {},
   "outputs": [
    {
     "name": "stdout",
     "output_type": "stream",
     "text": [
      "Total number of shingles across all documents 80\n"
     ]
    }
   ],
   "source": [
    "# Get the shingles for each document\n",
    "shingling = Shingling(k=3)\n",
    "documents = [doc1, doc2, doc3]\n",
    "\n",
    "shingles = [shingling.shingle_document(document) for document in documents] # Get the total number of shingles\n",
    "num_shingles = len(set().union(*shingles)) # This is the c parameter of the hash functions\n",
    "\n",
    "print(\"Total number of shingles across all documents\", num_shingles)"
   ]
  },
  {
   "cell_type": "markdown",
   "metadata": {},
   "source": [
    "Now, we need to choose k wisely, as random guesses would not end up in good results. $K=1$ is too small and the expected error is too high. Larger k-s are better, as we can potentially reach the original number of shingles (rows of the shingles x documents matrix) and minimize the error. However, the computational cost is too high. We need to find a trade-off between the two. We can try with $K=20\\%$ of the document with the highest number of shingles (length of the shingles x documents matrix)."
   ]
  },
  {
   "cell_type": "code",
   "execution_count": 145,
   "metadata": {},
   "outputs": [
    {
     "data": {
      "text/plain": [
       "17"
      ]
     },
     "execution_count": 145,
     "metadata": {},
     "output_type": "execute_result"
    }
   ],
   "source": [
    "len(shingles3) # The document with the longest shingle set"
   ]
  },
  {
   "cell_type": "code",
   "execution_count": 146,
   "metadata": {},
   "outputs": [
    {
     "data": {
      "text/plain": [
       "3"
      ]
     },
     "execution_count": 146,
     "metadata": {},
     "output_type": "execute_result"
    }
   ],
   "source": [
    "int(len(shingles3) / 100 * 20) # The number of hash functions we need to use"
   ]
  },
  {
   "cell_type": "code",
   "execution_count": 147,
   "metadata": {},
   "outputs": [
    {
     "name": "stdout",
     "output_type": "stream",
     "text": [
      "Jaccard similarity between doc1 and doc2 is:  1.0\n",
      "Jaccard similarity between doc1 and doc3 is:  0.3333333333333333\n",
      "Jaccard similarity between doc2 and doc3 is:  0.3333333333333333\n"
     ]
    }
   ],
   "source": [
    "min_hashing = MinHashing(k=3, num_shingles=num_shingles)\n",
    "\n",
    "minhashes1 = min_hashing.minhash(shingles[0])\n",
    "minhashes2 = min_hashing.minhash(shingles[1])\n",
    "minhashes3 = min_hashing.minhash(shingles[2])\n",
    "\n",
    "print(\"Jaccard similarity between doc1 and doc2 is: \", CompareSignatures.jaccard_similarity(minhashes1, minhashes2))\n",
    "print(\"Jaccard similarity between doc1 and doc3 is: \", CompareSignatures.jaccard_similarity(minhashes1, minhashes3))\n",
    "print(\"Jaccard similarity between doc2 and doc3 is: \", CompareSignatures.jaccard_similarity(minhashes2, minhashes3))"
   ]
  },
  {
   "cell_type": "markdown",
   "metadata": {},
   "source": [
    "Let us now run all the classes and methods for the real data."
   ]
  },
  {
   "cell_type": "code",
   "execution_count": 148,
   "metadata": {},
   "outputs": [],
   "source": [
    "# Compute the shingles\n",
    "shingling = Shingling(k=10) # k=10 as suggested on the slides (good for long documents)\n",
    "\n",
    "shingles = {}\n",
    "\n",
    "for i, row in df.iterrows():\n",
    "    shingles[i] = shingling.shingle_document(row['text'])"
   ]
  },
  {
   "cell_type": "code",
   "execution_count": 149,
   "metadata": {},
   "outputs": [
    {
     "data": {
      "text/html": [
       "<div>\n",
       "<style scoped>\n",
       "    .dataframe tbody tr th:only-of-type {\n",
       "        vertical-align: middle;\n",
       "    }\n",
       "\n",
       "    .dataframe tbody tr th {\n",
       "        vertical-align: top;\n",
       "    }\n",
       "\n",
       "    .dataframe thead th {\n",
       "        text-align: right;\n",
       "    }\n",
       "</style>\n",
       "<table border=\"1\" class=\"dataframe\">\n",
       "  <thead>\n",
       "    <tr style=\"text-align: right;\">\n",
       "      <th></th>\n",
       "      <th>0</th>\n",
       "      <th>1</th>\n",
       "      <th>2</th>\n",
       "      <th>3</th>\n",
       "      <th>4</th>\n",
       "      <th>5</th>\n",
       "      <th>6</th>\n",
       "      <th>7</th>\n",
       "      <th>8</th>\n",
       "      <th>9</th>\n",
       "      <th>10</th>\n",
       "      <th>11</th>\n",
       "      <th>12</th>\n",
       "      <th>13</th>\n",
       "      <th>14</th>\n",
       "      <th>15</th>\n",
       "      <th>16</th>\n",
       "    </tr>\n",
       "  </thead>\n",
       "  <tbody>\n",
       "    <tr>\n",
       "      <th>0</th>\n",
       "      <td>1.0</td>\n",
       "      <td>0.001207</td>\n",
       "      <td>0.002904</td>\n",
       "      <td>0.003248</td>\n",
       "      <td>0.001855</td>\n",
       "      <td>0.005913</td>\n",
       "      <td>0.003543</td>\n",
       "      <td>0.003479</td>\n",
       "      <td>0.00338</td>\n",
       "      <td>0.002326</td>\n",
       "      <td>0.0</td>\n",
       "      <td>0.003175</td>\n",
       "      <td>0.00292</td>\n",
       "      <td>0.00205</td>\n",
       "      <td>0.125341</td>\n",
       "      <td>0.004038</td>\n",
       "      <td>0.001618</td>\n",
       "    </tr>\n",
       "    <tr>\n",
       "      <th>1</th>\n",
       "      <td>0.001207</td>\n",
       "      <td>1.0</td>\n",
       "      <td>0.021238</td>\n",
       "      <td>0.007749</td>\n",
       "      <td>0.001221</td>\n",
       "      <td>0.001045</td>\n",
       "      <td>0.010497</td>\n",
       "      <td>0.00869</td>\n",
       "      <td>0.009149</td>\n",
       "      <td>0.006598</td>\n",
       "      <td>0.002467</td>\n",
       "      <td>0.002696</td>\n",
       "      <td>0.008556</td>\n",
       "      <td>0.021669</td>\n",
       "      <td>0.002325</td>\n",
       "      <td>0.023866</td>\n",
       "      <td>0.001055</td>\n",
       "    </tr>\n",
       "    <tr>\n",
       "      <th>2</th>\n",
       "      <td>0.002904</td>\n",
       "      <td>0.021238</td>\n",
       "      <td>1.0</td>\n",
       "      <td>0.012735</td>\n",
       "      <td>0.000933</td>\n",
       "      <td>0.002033</td>\n",
       "      <td>0.011302</td>\n",
       "      <td>0.018505</td>\n",
       "      <td>0.011906</td>\n",
       "      <td>0.009941</td>\n",
       "      <td>0.001652</td>\n",
       "      <td>0.00262</td>\n",
       "      <td>0.010797</td>\n",
       "      <td>0.02149</td>\n",
       "      <td>0.004583</td>\n",
       "      <td>0.025455</td>\n",
       "      <td>0.001638</td>\n",
       "    </tr>\n",
       "    <tr>\n",
       "      <th>3</th>\n",
       "      <td>0.003248</td>\n",
       "      <td>0.007749</td>\n",
       "      <td>0.012735</td>\n",
       "      <td>1.0</td>\n",
       "      <td>0.001968</td>\n",
       "      <td>0.005511</td>\n",
       "      <td>0.009624</td>\n",
       "      <td>0.012402</td>\n",
       "      <td>0.008999</td>\n",
       "      <td>0.007879</td>\n",
       "      <td>0.004857</td>\n",
       "      <td>0.004045</td>\n",
       "      <td>0.007267</td>\n",
       "      <td>0.010009</td>\n",
       "      <td>0.005629</td>\n",
       "      <td>0.016434</td>\n",
       "      <td>0.003838</td>\n",
       "    </tr>\n",
       "    <tr>\n",
       "      <th>4</th>\n",
       "      <td>0.001855</td>\n",
       "      <td>0.001221</td>\n",
       "      <td>0.000933</td>\n",
       "      <td>0.001968</td>\n",
       "      <td>1.0</td>\n",
       "      <td>0.01227</td>\n",
       "      <td>0.002007</td>\n",
       "      <td>0.001521</td>\n",
       "      <td>0.002162</td>\n",
       "      <td>0.005553</td>\n",
       "      <td>0.0</td>\n",
       "      <td>0.002731</td>\n",
       "      <td>0.004671</td>\n",
       "      <td>0.000926</td>\n",
       "      <td>0.002863</td>\n",
       "      <td>0.00227</td>\n",
       "      <td>0.004062</td>\n",
       "    </tr>\n",
       "    <tr>\n",
       "      <th>5</th>\n",
       "      <td>0.005913</td>\n",
       "      <td>0.001045</td>\n",
       "      <td>0.002033</td>\n",
       "      <td>0.005511</td>\n",
       "      <td>0.01227</td>\n",
       "      <td>1.0</td>\n",
       "      <td>0.003783</td>\n",
       "      <td>0.008621</td>\n",
       "      <td>0.005142</td>\n",
       "      <td>0.005002</td>\n",
       "      <td>0.00401</td>\n",
       "      <td>0.00172</td>\n",
       "      <td>0.00351</td>\n",
       "      <td>0.001285</td>\n",
       "      <td>0.010035</td>\n",
       "      <td>0.004937</td>\n",
       "      <td>0.003051</td>\n",
       "    </tr>\n",
       "    <tr>\n",
       "      <th>6</th>\n",
       "      <td>0.003543</td>\n",
       "      <td>0.010497</td>\n",
       "      <td>0.011302</td>\n",
       "      <td>0.009624</td>\n",
       "      <td>0.002007</td>\n",
       "      <td>0.003783</td>\n",
       "      <td>1.0</td>\n",
       "      <td>0.010423</td>\n",
       "      <td>0.015448</td>\n",
       "      <td>0.005411</td>\n",
       "      <td>0.003683</td>\n",
       "      <td>0.008784</td>\n",
       "      <td>0.010321</td>\n",
       "      <td>0.011102</td>\n",
       "      <td>0.006026</td>\n",
       "      <td>0.014685</td>\n",
       "      <td>0.002606</td>\n",
       "    </tr>\n",
       "    <tr>\n",
       "      <th>7</th>\n",
       "      <td>0.003479</td>\n",
       "      <td>0.00869</td>\n",
       "      <td>0.018505</td>\n",
       "      <td>0.012402</td>\n",
       "      <td>0.001521</td>\n",
       "      <td>0.008621</td>\n",
       "      <td>0.010423</td>\n",
       "      <td>1.0</td>\n",
       "      <td>0.010387</td>\n",
       "      <td>0.008197</td>\n",
       "      <td>0.003969</td>\n",
       "      <td>0.007989</td>\n",
       "      <td>0.006265</td>\n",
       "      <td>0.005671</td>\n",
       "      <td>0.005647</td>\n",
       "      <td>0.011839</td>\n",
       "      <td>0.002773</td>\n",
       "    </tr>\n",
       "    <tr>\n",
       "      <th>8</th>\n",
       "      <td>0.00338</td>\n",
       "      <td>0.009149</td>\n",
       "      <td>0.011906</td>\n",
       "      <td>0.008999</td>\n",
       "      <td>0.002162</td>\n",
       "      <td>0.005142</td>\n",
       "      <td>0.015448</td>\n",
       "      <td>0.010387</td>\n",
       "      <td>1.0</td>\n",
       "      <td>0.006221</td>\n",
       "      <td>0.00248</td>\n",
       "      <td>0.006542</td>\n",
       "      <td>0.003469</td>\n",
       "      <td>0.01037</td>\n",
       "      <td>0.005167</td>\n",
       "      <td>0.022387</td>\n",
       "      <td>0.000996</td>\n",
       "    </tr>\n",
       "    <tr>\n",
       "      <th>9</th>\n",
       "      <td>0.002326</td>\n",
       "      <td>0.006598</td>\n",
       "      <td>0.009941</td>\n",
       "      <td>0.007879</td>\n",
       "      <td>0.005553</td>\n",
       "      <td>0.005002</td>\n",
       "      <td>0.005411</td>\n",
       "      <td>0.008197</td>\n",
       "      <td>0.006221</td>\n",
       "      <td>1.0</td>\n",
       "      <td>0.001817</td>\n",
       "      <td>0.002396</td>\n",
       "      <td>0.003986</td>\n",
       "      <td>0.00814</td>\n",
       "      <td>0.003537</td>\n",
       "      <td>0.010445</td>\n",
       "      <td>0.004398</td>\n",
       "    </tr>\n",
       "    <tr>\n",
       "      <th>10</th>\n",
       "      <td>0.0</td>\n",
       "      <td>0.002467</td>\n",
       "      <td>0.001652</td>\n",
       "      <td>0.004857</td>\n",
       "      <td>0.0</td>\n",
       "      <td>0.00401</td>\n",
       "      <td>0.003683</td>\n",
       "      <td>0.003969</td>\n",
       "      <td>0.00248</td>\n",
       "      <td>0.001817</td>\n",
       "      <td>1.0</td>\n",
       "      <td>0.003114</td>\n",
       "      <td>0.009749</td>\n",
       "      <td>0.001564</td>\n",
       "      <td>0.00411</td>\n",
       "      <td>0.002673</td>\n",
       "      <td>0.001422</td>\n",
       "    </tr>\n",
       "    <tr>\n",
       "      <th>11</th>\n",
       "      <td>0.003175</td>\n",
       "      <td>0.002696</td>\n",
       "      <td>0.00262</td>\n",
       "      <td>0.004045</td>\n",
       "      <td>0.002731</td>\n",
       "      <td>0.00172</td>\n",
       "      <td>0.008784</td>\n",
       "      <td>0.007989</td>\n",
       "      <td>0.006542</td>\n",
       "      <td>0.002396</td>\n",
       "      <td>0.003114</td>\n",
       "      <td>1.0</td>\n",
       "      <td>0.003922</td>\n",
       "      <td>0.003592</td>\n",
       "      <td>0.002978</td>\n",
       "      <td>0.006197</td>\n",
       "      <td>0.001815</td>\n",
       "    </tr>\n",
       "    <tr>\n",
       "      <th>12</th>\n",
       "      <td>0.00292</td>\n",
       "      <td>0.008556</td>\n",
       "      <td>0.010797</td>\n",
       "      <td>0.007267</td>\n",
       "      <td>0.004671</td>\n",
       "      <td>0.00351</td>\n",
       "      <td>0.010321</td>\n",
       "      <td>0.006265</td>\n",
       "      <td>0.003469</td>\n",
       "      <td>0.003986</td>\n",
       "      <td>0.009749</td>\n",
       "      <td>0.003922</td>\n",
       "      <td>1.0</td>\n",
       "      <td>0.005639</td>\n",
       "      <td>0.004824</td>\n",
       "      <td>0.010845</td>\n",
       "      <td>0.001788</td>\n",
       "    </tr>\n",
       "    <tr>\n",
       "      <th>13</th>\n",
       "      <td>0.00205</td>\n",
       "      <td>0.021669</td>\n",
       "      <td>0.02149</td>\n",
       "      <td>0.010009</td>\n",
       "      <td>0.000926</td>\n",
       "      <td>0.001285</td>\n",
       "      <td>0.011102</td>\n",
       "      <td>0.005671</td>\n",
       "      <td>0.01037</td>\n",
       "      <td>0.00814</td>\n",
       "      <td>0.001564</td>\n",
       "      <td>0.003592</td>\n",
       "      <td>0.005639</td>\n",
       "      <td>1.0</td>\n",
       "      <td>0.003265</td>\n",
       "      <td>0.022217</td>\n",
       "      <td>0.001768</td>\n",
       "    </tr>\n",
       "    <tr>\n",
       "      <th>14</th>\n",
       "      <td>0.125341</td>\n",
       "      <td>0.002325</td>\n",
       "      <td>0.004583</td>\n",
       "      <td>0.005629</td>\n",
       "      <td>0.002863</td>\n",
       "      <td>0.010035</td>\n",
       "      <td>0.006026</td>\n",
       "      <td>0.005647</td>\n",
       "      <td>0.005167</td>\n",
       "      <td>0.003537</td>\n",
       "      <td>0.00411</td>\n",
       "      <td>0.002978</td>\n",
       "      <td>0.004824</td>\n",
       "      <td>0.003265</td>\n",
       "      <td>1.0</td>\n",
       "      <td>0.006562</td>\n",
       "      <td>0.000839</td>\n",
       "    </tr>\n",
       "    <tr>\n",
       "      <th>15</th>\n",
       "      <td>0.004038</td>\n",
       "      <td>0.023866</td>\n",
       "      <td>0.025455</td>\n",
       "      <td>0.016434</td>\n",
       "      <td>0.00227</td>\n",
       "      <td>0.004937</td>\n",
       "      <td>0.014685</td>\n",
       "      <td>0.011839</td>\n",
       "      <td>0.022387</td>\n",
       "      <td>0.010445</td>\n",
       "      <td>0.002673</td>\n",
       "      <td>0.006197</td>\n",
       "      <td>0.010845</td>\n",
       "      <td>0.022217</td>\n",
       "      <td>0.006562</td>\n",
       "      <td>1.0</td>\n",
       "      <td>0.002581</td>\n",
       "    </tr>\n",
       "    <tr>\n",
       "      <th>16</th>\n",
       "      <td>0.001618</td>\n",
       "      <td>0.001055</td>\n",
       "      <td>0.001638</td>\n",
       "      <td>0.003838</td>\n",
       "      <td>0.004062</td>\n",
       "      <td>0.003051</td>\n",
       "      <td>0.002606</td>\n",
       "      <td>0.002773</td>\n",
       "      <td>0.000996</td>\n",
       "      <td>0.004398</td>\n",
       "      <td>0.001422</td>\n",
       "      <td>0.001815</td>\n",
       "      <td>0.001788</td>\n",
       "      <td>0.001768</td>\n",
       "      <td>0.000839</td>\n",
       "      <td>0.002581</td>\n",
       "      <td>1.0</td>\n",
       "    </tr>\n",
       "  </tbody>\n",
       "</table>\n",
       "</div>"
      ],
      "text/plain": [
       "          0         1         2         3         4         5         6   \\\n",
       "0        1.0  0.001207  0.002904  0.003248  0.001855  0.005913  0.003543   \n",
       "1   0.001207       1.0  0.021238  0.007749  0.001221  0.001045  0.010497   \n",
       "2   0.002904  0.021238       1.0  0.012735  0.000933  0.002033  0.011302   \n",
       "3   0.003248  0.007749  0.012735       1.0  0.001968  0.005511  0.009624   \n",
       "4   0.001855  0.001221  0.000933  0.001968       1.0   0.01227  0.002007   \n",
       "5   0.005913  0.001045  0.002033  0.005511   0.01227       1.0  0.003783   \n",
       "6   0.003543  0.010497  0.011302  0.009624  0.002007  0.003783       1.0   \n",
       "7   0.003479   0.00869  0.018505  0.012402  0.001521  0.008621  0.010423   \n",
       "8    0.00338  0.009149  0.011906  0.008999  0.002162  0.005142  0.015448   \n",
       "9   0.002326  0.006598  0.009941  0.007879  0.005553  0.005002  0.005411   \n",
       "10       0.0  0.002467  0.001652  0.004857       0.0   0.00401  0.003683   \n",
       "11  0.003175  0.002696   0.00262  0.004045  0.002731   0.00172  0.008784   \n",
       "12   0.00292  0.008556  0.010797  0.007267  0.004671   0.00351  0.010321   \n",
       "13   0.00205  0.021669   0.02149  0.010009  0.000926  0.001285  0.011102   \n",
       "14  0.125341  0.002325  0.004583  0.005629  0.002863  0.010035  0.006026   \n",
       "15  0.004038  0.023866  0.025455  0.016434   0.00227  0.004937  0.014685   \n",
       "16  0.001618  0.001055  0.001638  0.003838  0.004062  0.003051  0.002606   \n",
       "\n",
       "          7         8         9         10        11        12        13  \\\n",
       "0   0.003479   0.00338  0.002326       0.0  0.003175   0.00292   0.00205   \n",
       "1    0.00869  0.009149  0.006598  0.002467  0.002696  0.008556  0.021669   \n",
       "2   0.018505  0.011906  0.009941  0.001652   0.00262  0.010797   0.02149   \n",
       "3   0.012402  0.008999  0.007879  0.004857  0.004045  0.007267  0.010009   \n",
       "4   0.001521  0.002162  0.005553       0.0  0.002731  0.004671  0.000926   \n",
       "5   0.008621  0.005142  0.005002   0.00401   0.00172   0.00351  0.001285   \n",
       "6   0.010423  0.015448  0.005411  0.003683  0.008784  0.010321  0.011102   \n",
       "7        1.0  0.010387  0.008197  0.003969  0.007989  0.006265  0.005671   \n",
       "8   0.010387       1.0  0.006221   0.00248  0.006542  0.003469   0.01037   \n",
       "9   0.008197  0.006221       1.0  0.001817  0.002396  0.003986   0.00814   \n",
       "10  0.003969   0.00248  0.001817       1.0  0.003114  0.009749  0.001564   \n",
       "11  0.007989  0.006542  0.002396  0.003114       1.0  0.003922  0.003592   \n",
       "12  0.006265  0.003469  0.003986  0.009749  0.003922       1.0  0.005639   \n",
       "13  0.005671   0.01037   0.00814  0.001564  0.003592  0.005639       1.0   \n",
       "14  0.005647  0.005167  0.003537   0.00411  0.002978  0.004824  0.003265   \n",
       "15  0.011839  0.022387  0.010445  0.002673  0.006197  0.010845  0.022217   \n",
       "16  0.002773  0.000996  0.004398  0.001422  0.001815  0.001788  0.001768   \n",
       "\n",
       "          14        15        16  \n",
       "0   0.125341  0.004038  0.001618  \n",
       "1   0.002325  0.023866  0.001055  \n",
       "2   0.004583  0.025455  0.001638  \n",
       "3   0.005629  0.016434  0.003838  \n",
       "4   0.002863   0.00227  0.004062  \n",
       "5   0.010035  0.004937  0.003051  \n",
       "6   0.006026  0.014685  0.002606  \n",
       "7   0.005647  0.011839  0.002773  \n",
       "8   0.005167  0.022387  0.000996  \n",
       "9   0.003537  0.010445  0.004398  \n",
       "10   0.00411  0.002673  0.001422  \n",
       "11  0.002978  0.006197  0.001815  \n",
       "12  0.004824  0.010845  0.001788  \n",
       "13  0.003265  0.022217  0.001768  \n",
       "14       1.0  0.006562  0.000839  \n",
       "15  0.006562       1.0  0.002581  \n",
       "16  0.000839  0.002581       1.0  "
      ]
     },
     "execution_count": 149,
     "metadata": {},
     "output_type": "execute_result"
    }
   ],
   "source": [
    "# Comput Jaccard Similarity with CompareSets\n",
    "jaccard_similarities = pd.DataFrame(columns=[i for i in range(len(shingles))], index=[i for i in range(len(shingles))])\n",
    "\n",
    "for i in shingles.keys():\n",
    "    for j in shingles.keys():\n",
    "        jaccard_similarities[i][j] = CompareSets.jaccard_similarity(shingles[i], shingles[j])\n",
    "\n",
    "jaccard_similarities"
   ]
  },
  {
   "cell_type": "code",
   "execution_count": 150,
   "metadata": {},
   "outputs": [
    {
     "data": {
